592.8332118
601.2626173
589.03475
579.27896
572.21852
568.6334043
575.2905408
609.9028913
696.72188
743.81545
776.58384
796.47999
814.56334
811.74031
808.7392245
811.89737
809.86229
779.65754
737.65938
681.7995204
658.3713
626.5346837
608.3197755
611.899102
602.8105281
597.6275357
591.5409825
582.6435789
572.6762364
571.124193
575.6253036
608.473
699.2952982
751.3802632
794.259625
813.3817679
838.3120893
835.9473036
826.5974464
825.04375
827.1263571
801.1429474
761.9992632
703.9639825
678.9110893
636.1630714
617.1856429
612.3441228
627.2730508
613.5976895
606.9068368
609.8540517
599.3087593
598.3999655
598.0564815
648.176614
743.4877368
793.099614
835.6824035
863.2820175
892.9914035
898.0853793
895.8263448
897.0853158
902.3121034
872.0886379
807.8590172
748.7053448
717.8400345
675.6855172
655.3603158
642.3696207
593.0286961
596.1215196
579.5656327
566.8356875
559.0891667
557.8514375
557.894625
596.1836327
687.272
758.065102
801.9060408
816.3499184
840.8118542
837.5604082
838.9500204
844.6371837
837.8555
812.4697917
756.8575102
696.2569592
674.3201837
627.5939167
606.1668571
601.418898
678.0865474
666.4971982
653.2163393
636.517375
624.9049464
618.215963
623.0972778
659.5300179
759.2300182
824.1849818
876.609463
907.5543455
941.1621636
941.0918393
943.5281786
949.752
949.2817679
924.2211964
868.6998929
804.6146909
774.1528036
722.1132679
694.5566792
685.9546786
780.18354
758.66054
732.3068679
715.0891923
704.2518519
690.431
702.5148235
736.8244717
832.7840943
907.6591296
971.7786792
997.8286296
1032.051722
1034.244204
1040.166611
1053.803407
1061.870741
1032.765528
972.0791296
906.2699245
866.6518889
809.2077407
777.0509444
773.5969623
806.0227968
799.4882
782.9457667
764.7692542
745.69215
733.7168793
732.6648644
768.8781525
878.9149322
976.8119
1030.079917
1060.53505
1104.426636
1106.542742
1108.733533
1111.8992
1115.114483
1090.024085
1030.072017
968.0037333
920.5881167
858.6368333
828.104322
819.26315
800.5733098
794.0656787
775.6816727
762.9223582
751.7087463
742.4294821
740.8584643
778.9701964
884.8153929
956.7331964
1027.826582
1053.606455
1100.423727
1087.742393
1106.765982
1118.445964
1121.733482
1087.145
1027.887855
962.7228393
911.2898364
848.0750714
815.0723393
809.1035179
725.9480367
729.1182305
715.1988707
699.7301466
692.5515179
682.7024915
685.9910678
719.974
831.8201429
908.0366379
966.1920345
985.827661
1019.319862
1022.02669
1025.822525
1027.76722
1025.284373
981.5516491
931.6081695
865.1030339
834.8770339
768.9122333
739.3709086
736.149
634.2576556
645.8708519
630.5880755
621.6385185
617.5370833
612.7736389
618.3965472
646.627963
734.6637037
803.675
859.4188519
887.7910769
905.9486981
904.1152453
910.4312642
915.5011132
910.7673704
867.8352222
808.9930185
749.8108148
727.7502407
671.7775385
649.3297453
649.5847642
644.00833
648.5865667
634.0378929
621.9952143
610.2285517
609.349069
612.9198276
646.7407931
719.6603793
776.0855714
820.9207931
853.5090345
879.1316897
870.5143448
864.3644138
862.5086897
857.3304483
823.8057931
775.7675517
732.139
711.619
664.7853448
644.5982759
643.7659655
624.6066645
626.4420161
609.4488448
604.4017931
594.086069
592.9263793
604.1132857
637.8274483
716.9987586
752.9264138
783.8053
804.8194655
857.0106071
847.4491481
841.014037
842.8425357
844.56875
805.3706786
730.3856207
710.5561071
690.7093448
649.4331071
632.2655
626.756931
