6.1226
6.072
5.9202
5.8696
5.819
5.7178
5.7178
5.819
5.819
5.6672
5.4142
5.2624
5.2624
5.4142
5.566
5.7178
5.8696
6.0214
6.1226
6.072
6.0214
6.072
6.1226
5.9708
6.0214
5.9708
5.8696
5.8696
5.6672
5.6166
5.6672
5.7178
5.566
5.2118
5.0094
5.3636
5.6166
5.819
5.9708
6.0214
5.8696
5.9708
6.0214
6.0214
6.0214
6.0214
5.9708
5.9708
5.2624
5.06
4.9588
4.8576
4.9082
4.9082
5.0094
5.1106
4.7058
4.4022
4.7564
5.0094
5.1106
5.2118
5.313
5.5154
5.6166
5.6166
5.6166
5.566
5.5154
5.4142
5.3636
5.313
4.8576
4.7564
4.7058
4.6046
4.554
4.5034
4.4022
3.8456
3.5926
3.8456
4.0986
4.301
4.5034
4.6046
4.7058
4.7564
4.8576
4.9588
5.06
5.1106
5.06
4.9082
4.7564
4.6046
5.313
5.1612
5.06
4.9588
4.9588
4.9082
4.4022
3.8456
4.0986
4.301
4.5034
4.7564
4.8576
4.9082
4.9588
5.0094
5.1106
5.0094
5.0094
4.9082
4.9082
4.807
4.6552
4.6046
4.3516
4.301
4.1998
4.0986
4.048
3.8456
3.1878
3.036
3.2384
3.542
3.795
4.048
4.2504
4.4528
4.6046
4.7058
4.8576
5.0094
5.1106
5.1612
5.1106
4.9082
4.7058
4.554
4.3516
4.2504
4.1492
4.0986
4.0986
3.9974
3.3902
3.0866
3.2384
3.4408
3.6938
3.9468
4.1492
4.3516
4.5034
4.6552
4.807
4.8576
4.9082
4.9082
4.9082
4.9082
4.7564
4.6552
4.807
4.6046
4.4528
4.301
4.1998
4.1998
4.048
3.4914
3.4914
3.8456
4.1998
4.5034
4.7564
4.9082
5.06
5.1612
5.2118
5.1612
5.1106
5.1106
4.9082
4.807
4.7058
4.7058
5.0094
4.807
4.7564
4.6552
4.6552
4.6046
4.6552
4.5034
3.9974
3.9974
4.301
4.5034
4.6552
4.7058
4.807
4.8576
4.8576
5.0094
5.06
5.0094
4.9588
4.7564
4.6552
4.6046
5.3636
5.1612
5.1612
5.1612
5.2118
5.2118
5.2118
5.2118
5.1612
4.7058
4.554
4.8576
5.1106
5.2118
5.2624
5.3636
5.4142
5.4142
5.3636
5.4648
5.4648
5.4648
5.5154
5.4648
5.7684
5.6672
5.6166
5.5154
5.5154
5.566
5.6166
5.6672
5.7178
5.6672
5.5154
5.3636
5.4142
5.6672
5.819
5.9202
5.9202
5.9708
6.1226
6.1226
6.072
6.0214
5.9708
6.0214
6.1732
6.072
6.0214
6.0214
5.8696
5.9202
5.9708
5.9708
5.9202
5.8696
5.7684
5.4142
5.2118
5.2624
5.313
5.5154
5.7684
5.9202
5.9708
5.9708
5.8696
5.8696
6.0214
6.072
